5       1751.8  	368.16	2.038
10      1754.3  	370.51	2.038
15      1756.8  	372.89	2.038
20      1759.3  	375.29	2.038
25      1761.8  	377.72	2.038
30      1764.3  	380.17	2.038
35      1766.8  	382.65	2.038
40      1769.3  	385.15	2.038
45      1771.8  	387.68	2.038
55      1776.8  	392.81	2.038
60      1779.3  	395.42	2.038
65      1781.8  	398.05	2.038
70      1784.3  	400.71	2.038
75      1786.8  	403.4	2.038
80      1789.3  	406.12	2.038
85      1791.8  	408.87	2.038
90      1794.3  	411.65	2.038
95      1796.8  	414.46	2.038
100 	1799.3  	417.3	2.038
105 	1801.8  	420.16	2.038
110 	1804.3  	423.07	2.038
115 	1806.8  	426	    2.038
120 	1809.3  	428.97	2.038
125 	1811.8  	431.97	2.038
130 	1814.3  	435	    2.038
135 	1816.8  	438.07	2.038
140 	1819.3  	441.17	2.038
145 	1821.8  	444.31	2.038
150 	1824.3  	447.48	2.038
155 	1826.8  	450.69	2.038
160 	1829.3  	453.94	2.038
165 	1831.8  	457.23	2.038
170 	1834.3  	460.55	2.038
175 	1836.8  	463.92	2.038
180 	1839.3  	467.32	2.038
185 	1841.8  	470.77	2.038
190 	1844.3  	474.26	2.038
195 	1846.8  	477.79	2.038
200 	1849.3  	481.36	2.038
205 	1851.8  	484.98	2.038
210 	1854.3  	488.64	2.038
215 	1856.8  	492.35	2.038
220 	1859.3  	496.1	2.038
225 	1861.8  	499.9	2.038
230 	1864.3  	503.75	2.038
235 	1866.8  	507.65	2.038
240 	1869.3  	511.6	2.038
245 	1871.8  	515.6	2.038
250 	1874.3  	519.65	2.038
255 	1876.8  	523.76	2.038
260 	1879.3  	527.92	2.038
265 	1881.8  	532.13	2.038
270 	1884.3  	536.4	2.038
275 	1886.8  	540.73	2.038
280 	1889.3  	545.12	2.038
285 	1891.8  	549.57	2.038
290 	1894.3  	554.08	2.038
295 	1896.8  	558.65	2.038
300 	1899.3  	563.28	2.038
305 	1901.8  	567.98	2.038
310 	1904.3  	572.75	2.038
315 	1929.5  	620.71	2.0018
320 	1929.5  	620.71	2.0018
325 	1929.5  	620.71	2.0018
330 	1929.5  	620.71	2.0018
335 	1929.5  	620.71	2.0018
340 	1929.5  	620.71	2.0018
345 	1929.5  	620.71	2.0018
350 	1929.5  	620.71	2.0018
355 	1929.5  	620.71	2.0018
360 	1929.5  	620.71	2.0018
365 	1929.5  	620.71	2.0018
370 	1929.5  	620.71	2.0018
375 	1929.5  	620.71	2.0018
380 	1929.5  	620.71	2.0018
385 	1929.5  	620.71	2.0018
390 	1929.5  	620.71	2.0018
395 	1929.5  	620.71	2.0018
400 	1929.5  	620.71	2.0018
405 	1929.5  	620.71	2.0018
410 	1929.5  	620.71	2.0018
415 	1929.5  	620.71	2.0018
420 	1929.5  	620.71	2.0018
425 	1929.5  	620.71	2.0018
430 	1929.5  	620.71	2.0018
435 	1929.5  	620.71	2.0018
440 	1929.5  	620.71	2.0018
445 	1929.5  	620.71	2.0018
450 	1929.5  	620.71	2.0018
455 	1929.5  	620.71	2.0018
460 	1929.5  	620.71	2.0018
465 	1929.5  	620.71	2.0018
470 	1929.5  	620.71	2.0018
475 	1929.5  	620.71	2.0018
480 	1929.5  	620.71	2.0018
485 	1929.5  	620.71	2.0018
490 	1929.5  	620.71	2.0018
495 	1929.5  	620.71	2.0018
500 	1929.5  	620.71	2.0018
505 	1929.5  	620.71	2.0018
510 	1929.5  	620.71	2.0018
515 	1929.5  	620.71	2.0018
520 	1929.5  	620.71	2.0018
525 	1929.5  	620.71	2.0018
530 	1929.5  	620.71	2.0018
535 	1929.5  	620.71	2.0018
540 	1929.5  	620.71	2.0018
545 	1929.5  	620.71	2.0018
550 	1929.5  	620.71	2.0018
555 	1929.5  	620.71	2.0018
560 	1929.5  	620.71	2.0018
565 	1929.5  	620.71	2.0018
570 	1929.5  	620.71	2.0018
575 	1929.5  	620.71	2.0018
580 	1929.5  	620.71	2.0018
585 	1929.5  	620.71	2.0018
590 	1929.5  	620.71	2.0018
595 	1929.5  	620.71	2.0018
600 	1929.5  	620.71	2.0018
605 	1929.5  	620.71	2.0018
610 	1929.5  	620.71	2.0018
615 	1929.5  	620.71	2.0018
620 	1929.5  	620.71	2.0018
625 	1929.5  	620.71	2.0018
630 	1929.5  	620.71	2.0018
635 	1929.5  	620.71	2.0018
640 	1929.5  	620.71	2.0018
645 	1929.5  	620.71	2.0018
650 	1929.5  	620.71	2.0018
655 	1929.5  	620.71	2.0018
660 	1929.5  	620.71	2.0018
665 	1929.5  	620.71	2.0018
670 	1929.5  	620.71	2.0018
675 	1929.5  	620.71	2.0018
680 	1929.5  	620.71	2.0018
685 	1929.5  	620.71	2.0018
690 	1929.5  	620.71	2.0018
695 	1929.5  	620.71	2.0018
700 	1929.5  	620.71	2.0018
705 	1929.5  	620.71	2.0018
710 	1929.5  	620.71	2.0018
715 	1929.5  	620.71	2.0018
720 	1929.5  	620.71	2.0018
725 	1929.5  	620.71	2.0018
730 	1929.5  	620.71	2.0018
735 	1929.5  	620.71	2.0018
740 	1929.5  	620.71	2.0018
745 	1929.5  	620.71	2.0018
750 	1929.5  	620.71	2.0018
755 	1929.5  	620.71	2.0018
760 	1929.5  	620.71	2.0018
765 	1929.5  	620.71	2.0018
770 	1929.5  	620.71	2.0018
775 	1929.5  	620.71	2.0018
780 	1929.5  	620.71	2.0018
785 	1929.5  	620.71	2.0018
790 	1929.5  	620.71	2.0018
795 	1929.5  	620.71	2.0018
800 	1929.5  	620.71	2.0018
805 	1929.5  	620.71	2.0018
810 	1929.5  	620.71	2.0018
815 	2624.9  	1171.2	2.0556
820 	2636.4  	1178.2	2.061
825 	2647.9  	1185.1	2.0664
830 	2659.4  	1192.1	2.0718
835 	2670.9  	1199	2.0771
840 	2682.4  	1206	2.0824
845 	2693.9  	1212.9	2.0876
850 	2705.4  	1219.9	2.0927
855 	2716.9  	1226.8	2.0979
860 	2728.4  	1233.8	2.103
865 	2739.9  	1240.7	2.108
870 	2751.4  	1247.7	2.113
875 	2762.9  	1254.6	2.118
880 	2774.4  	1261.6	2.1229
885 	2785.9  	1268.5	2.1278
890 	2797.4  	1275.5	2.1326
895 	2808.9  	1282.4	2.1374
900 	2820.4  	1289.4	2.1422
905 	2831.9  	1296.3	2.1469
910 	2843.4  	1303.3	2.1516
915 	2854.9  	1310.2	2.1562
920 	2866.4  	1317.2	2.1608
925 	2877.9  	1324.1	2.1654
930 	2889.4  	1331.1	2.1699
935 	2900.9  	1338	2.1744
940 	2912.4  	1345	2.1789
945 	2923.9  	1352	2.1833
950 	2935.4  	1358.9	2.1877
955 	2946.9  	1365.9	2.1921
960 	2958.4  	1372.8	2.1964
965 	2969.9  	1379.8	2.2007
970 	2981.4  	1386.7	2.205
975 	2992.9  	1393.7	2.2092
980 	3004.4  	1400.6	2.2134
985 	3015.9  	1407.6	2.2176
990 	3027.4  	1414.5	2.2217
995 	3038.9  	1421.5	2.2258
1000	3050.4  	1428.4	2.2299
1005	3061.9  	1435.4	2.2339
1010	3073.4  	1442.3	2.2379
1015	3084.9  	1449.3	2.2419
1020	3096.4  	1456.2	2.2458
1025	3107.9  	1463.2	2.2497
1030	3119.4  	1470.1	2.2536
1035	3130.9  	1477.1	2.2575
1040	3142.4  	1484	2.2613
1045	3153.9  	1491	2.2651
1050	3165.4  	1497.9	2.2689
1055	3176.9  	1504.9	2.2727
1060	3188.4  	1511.8	2.2764
1065	3199.9  	1518.8	2.2801
1070	3211.4  	1525.8	2.2838
1075	3222.9  	1532.7	2.2874
1080	3234.4  	1539.7	2.291
1085	3245.9  	1546.6	2.2946
1090	3257.4  	1553.6	2.2982
1095	3268.9  	1560.5	2.3017
1100	3280.4  	1567.5	2.3052
1105	3291.9  	1574.4	2.3087
1110	3303.4  	1581.4	2.3122
1115	3314.9  	1588.3	2.3156
1120	3326.4  	1595.3	2.3191
1125	3337.9  	1602.2	2.3225
1130	3349.4  	1609.2	2.3258
1135	3360.9  	1616.1	2.3292
1140	3372.4  	1623.1	2.3325
1145	3383.9  	1630	2.3358
1150	3395.4  	1637	2.3391
1155	3406.9  	1643.9	2.3424
1160	3418.4  	1650.9	2.3456
1165	3429.9  	1657.8	2.3488
1170	3441.4  	1664.8	2.352
1175	3452.9  	1671.7	2.3552
1180	3464.4  	1678.7	2.3583
1185	3475.9  	1685.6	2.3615
1190	3487.4  	1692.6	2.3646
1195	3498.9  	1699.6	2.3677
1200	3510.4  	1706.5	2.3707
1205	3521.9  	1713.5	2.3738
1210	3533.4  	1720.4	2.3768
1215	3544.9  	1727.4	2.3798
1220	3556.4  	1734.3	2.3828
1225	3567.9  	1741.3	2.3858
1230	3579.4  	1748.2	2.3887
1235	3590.9  	1755.2	2.3917
1240	3602.4  	1762.1	2.3946
1245	3613.9  	1769.1	2.3975
1250	3625.4  	1776	2.4004
1255	3636.9  	1783	2.4032
1260	3648.4  	1789.9	2.4061
1265	3659.9  	1796.9	2.4089
1270	3671.4  	1803.8	2.4117
1275	3682.9  	1810.8	2.4145
1280	3694.4  	1817.7	2.4173
1285	3705.9  	1824.7	2.42
1290	3717.4  	1831.6	2.4228
1295	3728.9  	1838.6	2.4255
1300	3740.4  	1845.5	2.4282
1305	3751.9  	1852.5	2.4309
1310	3763.4  	1859.4	2.4335
1315	3774.9  	1866.4	2.4362
1320	3786.4  	1873.4	2.4388
1325	3797.9  	1880.3	2.4415
1330	3809.4  	1887.3	2.4441
1335	3820.9  	1894.2	2.4467
1340	3832.4  	1901.2	2.4492
1345	3843.9  	1908.1	2.4518
1350	3855.4  	1915.1	2.4543
1355	3866.9  	1922	2.4569
1360	3878.4  	1929	2.4594
1365	3889.9  	1935.9	2.4619
1370	3901.4  	1942.9	2.4644
1375	3912.9  	1949.8	2.4668
1380	3924.4  	1956.8	2.4693
1385	3935.9  	1963.7	2.4717
1390	3947.4  	1970.7	2.4742
1395	3958.9  	1977.6	2.4766
1400	3970.4  	1984.6	2.479
1405	3981.9  	1991.5	2.4814
1410	3993.4  	1998.5	2.4837
1415	4004.9  	2005.4	2.4861
1420	4016.4  	2012.4	2.4884
1425	4027.9  	2019.3	2.4908
1430	4039.4  	2026.3	2.4931
1435	4050.9  	2033.2	2.4954
1440	4062.4  	2040.2	2.4977
1445	4073.9  	2047.2	2.5
1450	4085.4  	2054.1	2.5022
1455	4096.9  	2061.1	2.5045
1460	4108.4  	2068	2.5067
1465	4119.9  	2075	2.509
1470	4131.4  	2081.9	2.5112
1475	4142.9  	2088.9	2.5134
1480	4154.4  	2095.8	2.5156
1485	4165.9  	2102.8	2.5177
1490	4177.4  	2109.7	2.5199
1495	4188.9  	2116.7	2.5221
1500	4200.4  	2123.6	2.5242
1505	4211.9  	2130.6	2.5263
1510	4223.4  	2137.5	2.5285
1515	4234.9  	2144.5	2.5306
1520	4246.4  	2151.4	2.5327
1525	4257.9  	2158.4	2.5348
1530	4269.4  	2165.3	2.5368
1535	4280.9  	2172.3	2.5389
1540	4292.4  	2179.2	2.5409
1545	4303.9  	2186.2	2.543
1550	4315.4  	2193.1	2.545
1555	4326.9  	2200.1	2.547
1560	4338.4  	2207	2.549
1565	4349.9  	2214	2.551
1570	4361.4  	2221	2.553
1575	4372.9  	2227.9	2.555
1580	4384.4  	2234.9	2.557
1585	4395.9  	2241.8	2.5589
1590	4407.4  	2248.8	2.5609
1595	4418.9  	2255.7	2.5628
1600	4430.4  	2262.7	2.5647
1605	4441.9  	2269.6	2.5667
1610	4453.4  	2276.6	2.5686
1615	4464.9  	2283.5	2.5705
1620	4476.4  	2290.5	2.5723
1625	4487.9  	2297.4	2.5742
1630	4499.4  	2304.4	2.5761
1635	4510.9  	2311.3	2.578
1640	4522.4  	2318.3	2.5798
1645	4533.9  	2325.2	2.5816
1650	4545.4  	2332.2	2.5835
1655	4556.9  	2339.1	2.5853
1660	4568.4  	2346.1	2.5871
1665	4579.9  	2353	2.5889
1670	4591.4  	2360	2.5907
1675	4602.9  	2366.9	2.5925
1680	4614.4  	2373.9	2.5943
1685	4625.9  	2380.8	2.596
1690	4637.4  	2387.8	2.5978
1695	4648.9  	2394.8	2.5995
1700	4660.4  	2401.7	2.6013
1705	4671.9  	2408.7	2.603
1710	4683.4  	2415.6	2.6047
1715	4694.9  	2422.6	2.6064
1720	4706.4  	2429.5	2.6082
1725	4717.9  	2436.5	2.6099
1730	4729.4  	2443.4	2.6115
1735	4740.9  	2450.4	2.6132
1740	4752.4  	2457.3	2.6149
1745	2997.5  	1439.7	2.4231
1750	3000        1441.8	2.4239
1755	3002.5  	1443.9	2.4247
1760	3005        1446    2.4255
1765	3007.5  	1448.1	2.4262
1770	3010        1450.2  2.427
1775	3012.5  	1452.4	2.4278
1780	3015        1454.5	2.4286
1785	3017.5  	1456.6	2.4294
1790	3020        1458.7	2.4302
1795	3022.5  	1460.8	2.4309
1800	3025        1462.9	2.4317
1805	3027.5  	1465.1	2.4325
1810	3613.3  	2106.3	2.3524
1815	3616.7  	2108.1	2.3532
1820	3620.1  	2109.9	2.354
1825	3623.5  	2111.7	2.3548
1830	3626.9  	2113.6	2.3556
1835	3630.3  	2115.4	2.3564
1840	3633.7  	2117.2	2.3572
1845	3637.1  	2119	2.358
1850	3640.5  	2120.8	2.3588
1855	3643.9  	2122.6	2.3595
1860	3647.3  	2124.4	2.3603
1865	3650.7  	2126.2	2.3611
1870	3654.1  	2128.1	2.3619
1875	3657.5  	2129.9	2.3626
1880	3660.9  	2131.7	2.3634
1885	3664.3  	2133.5	2.3642
1890	3667.7  	2135.3	2.365
1895	3671.1  	2137.1	2.3657
1900	3674.5  	2138.9	2.3665
1905	3677.9  	2140.8	2.3673
1910	3681.3  	2142.6	2.368
1915	3684.7  	2144.4	2.3688
1920	3688.1  	2146.2	2.3696
1925	3691.5  	2148	2.3703
1930	3694.9  	2149.8	2.3711
1935	3698.3  	2151.6	2.3718
1940	3701.7  	2153.4	2.3726
1945	3705.1  	2155.3	2.3734
1950	3708.5  	2157.1	2.3741
1955	3711.9  	2158.9	2.3749
1960	3715.3  	2160.7	2.3756
1965	3718.7  	2162.5	2.3764
1970	3722.1  	2164.3	2.3771
1975	3725.5  	2166.1	2.3779
1980	3728.9  	2167.9	2.3786
1985	3732.3  	2169.8	2.3793
1990	3735.7  	2171.6	2.3801
1995	3739.1  	2173.4	2.3808
2000	3742.5  	2175.2	2.3816
2005	3745.9  	2177	2.3823
2010	4300        2436.2	2.0282
2015	4300        2436.2	2.0282
2020	4300        2436.2	2.0282
2025	4300        2436.2	2.0282
2030	4300        2436.2	2.0282
2035	4300        2436.2	2.0282
2040	4300        2436.2	2.0282
2045	4300        2436.2	2.0282
2050	4300        2436.2	2.0282
2055	4300        2436.2	2.0282
2060	4300        2436.2	2.0282
2065	4300        2436.2	2.0282
2070	4300        2436.2	2.0282
2075	4300        2436.2	2.0282
2080	4300        2436.2	2.0282
2085	4300        2436.2	2.0282
2090	4300        2436.2	2.0282
2095	4300        2436.2	2.0282
2100	4300        2436.2	2.0282
2105	4300        2436.2	2.0282
2110	4300        2436.2	2.0282
2115	4300        2436.2	2.0282
2120	4300        2436.2	2.0282
2125	4300        2436.2	2.0282
2130	4300        2436.2	2.0282
2135	4300        2436.2	2.0282
2140	4300        2436.2	2.0282
2145	4300        2436.2	2.0282
2150	4300        2436.2	2.0282
2155	4300        2436.2	2.0282
2160	4300        2436.2	2.0282
2165	4300        2436.2	2.0282
2170	4300        2436.2	2.0282
2175	4300        2436.2	2.0282
2180	4300        2436.2	2.0282
2185	4300        2436.2	2.0282
2190	4300        2436.2	2.0282
2195	4300        2436.2	2.0282
2200	4300        2436.2	2.0282
2205	4300        2436.2	2.0282
2210	4300        2436.2	2.0282
2215	4300        2436.2	2.0282
2220	4300        2436.2	2.0282
2225	4300        2436.2	2.0282
2230	4300        2436.2	2.0282
2235	4300        2436.2	2.0282
2240	4300        2436.2	2.0282
2245	4300        2436.2	2.0282
2250	4300        2436.2	2.0282
2255	4300        2436.2	2.0282
2260	4300        2436.2	2.0282
2265	5729        3152	2.7475
2270	5729        3152	2.7475
2275	5729        3152	2.7475
2280	5729        3152	2.7475
2285	5729        3152	2.7475
2290	5729        3152	2.7475
2295	5729        3152	2.7475
2300	5729        3152	2.7475
2305	4475        2523.8	2.141
2310	4475        2523.8	2.141
2315	4475        2523.8	2.141
2320	4475        2523.8	2.141
2325	4475        2523.8	2.141
2330	4475        2523.8	2.141
2335	4475        2523.8	2.141
2340	4475        2523.8	2.141
2345	4475        2523.8	2.141
2350	4475        2523.8	2.141
2355	4475        2523.8	2.141
2360	4475        2523.8	2.141
2365	4475        2523.8	2.141
2370	4475        2523.8	2.141
2375	4475        2523.8	2.141
2380	4475        2523.8	2.141
2385	4475        2523.8	2.141
2390	4475        2523.8	2.141
2395	4475        2523.8	2.141
2400	4475        2523.8	2.141
2405	4475        2523.8	2.141
2410	4475        2523.8	2.141
2415	4475        2523.8	2.141
2420	4475        2523.8	2.141
2425	4475        2523.8	2.141
2430	4475        2523.8	2.141
2435	4475        2523.8	2.141
2440	4475        2523.8	2.141
2445	4475        2523.8	2.141
2450	4475        2523.8	2.141
2455	4475        2523.8	2.141
2460	4475        2523.8	2.141
2465	4475        2523.8	2.141
2470	4475        2523.8	2.141
2475	4475        2523.8	2.141
2480	4475        2523.8	2.141
2485	4475        2523.8	2.141
2490	4475        2523.8	2.141
2495	4475        2523.8	2.141
2500	4475        2523.8	2.141
2505	4475        2523.8	2.141
2510	4475        2523.8	2.141
2515	4475        2523.8	2.141
2520	4475        2523.8	2.141
2525	4475        2523.8	2.141
2530	4475        2523.8	2.141
2535	4475        2523.8	2.141
2540	4475        2523.8	2.141
2545	4475        2523.8	2.141
2550	4475        2523.8	2.141
2555	4475        2523.8	2.141
2560	4475        2523.8	2.141
2565	4475        2523.8	2.141
2570	4475        2523.8	2.141
2575	4475        2523.8	2.141
2580	4475        2523.8	2.141
2585	4475        2523.8	2.141
2590	4475        2523.8	2.141
2595	4475        2523.8	2.141
2600	4475        2523.8	2.141
2605	4475        2523.8	2.141
2610	4475        2523.8	2.141
2615	4475        2523.8	2.141
2620	4475        2523.8	2.141
2625	4475        2523.8	2.141
2630	4475        2523.8	2.141
2635	4475        2523.8	2.141
2640	4475        2523.8	2.141
2645	4475        2523.8	2.141
2650	4475        2523.8	2.141
2655	4475        2523.8	2.141
2660	4475        2523.8	2.141
2665	4475        2523.8	2.141
2670	4475        2523.8	2.141
2675	4475        2523.8	2.141
2680	4475        2523.8	2.141
2685	4475        2523.8	2.141
2690	4475        2523.8	2.141
2695	4475        2523.8	2.141
2700	4475        2523.8	2.141
2705	4475        2523.8	2.141
2710	4475        2523.8	2.141
2715	6000        3287.8	2.8453
2720	6000        3287.8	2.8453
2725	6000        3287.8	2.8453
2730	6000        3287.8	2.8453
2735	6000        3287.8	2.8453
2740	6000        3287.8	2.8453
2745	6000        3287.8	2.8453
2750	6000        3287.8	2.8453
2755	6000        3287.8	2.8453
2760	6000        3287.8	2.8453
2765	3800        2232.3	2.4347
2770	3800        2232.3	2.4347
2775	3800        2232.3	2.4347
2780	3800        2232.3	2.4347
2785	3800        2232.3	2.4347
2790	3800        2232.3	2.4347
2795	3800        2232.3	2.4347
2800	3800        2232.3	2.4347
2805	3800        2232.3	2.4347
2810	3800        2232.3	2.4347
2815	3800        2232.3	2.4347
2820	3800        2232.3	2.4347
2825	3800        2232.3	2.4347
2830	3800        2232.3	2.4347
2835	3800        2232.3	2.4347
2840	3800        2232.3	2.4347
2845	3800        2232.3	2.4347
2850	3800        2232.3	2.4347
2855	3800        2232.3	2.4347
2860	3800        2232.3	2.4347
2865	3800        2232.3	2.4347
2870	3800        2232.3	2.4347
2875	3800        2232.3	2.4347
2880	3800        2232.3	2.4347
2885	3800        2232.3	2.4347
2890	3800        2232.3	2.4347
2895	3800        2232.3	2.4347
2900	3800        2232.3	2.4347
2905	3800        2232.3	2.4347
2910	3800        2232.3	2.4347
2915	3800        2232.3	2.4347
2920	3800        2232.3	2.4347
2925	3800        2232.3	2.4347
2930	3800        2232.3	2.4347
2935	3800        2232.3	2.4347
2940	3800        2232.3	2.4347
2945	3800        2232.3	2.4347
2950	3800        2232.3	2.4347
2955	3800        2232.3	2.4347
2960	3800        2232.3	2.4347
2965	3800        2232.3	2.4347
2970	3800        2232.3	2.4347
2975	3800        2232.3	2.4347
2980	4184.5  	2331.7	2.65
2985	4187.2  	2334.2	2.65
2990	4189.9  	2336.7	2.65
2995	4192.6  	2339.2	2.65
3000	4195.3  	2341.7	2.65
3005	4198        2344.2	2.65
3010	4200.7  	2346.7	2.65
3015	4203.4  	2349.2	2.65
3020	4206.1  	2351.7	2.65
3025	4208.8  	2354.2	2.65
3030	4211.5  	2356.7	2.65
3035	4214.2  	2359.3	2.65
3040	4216.9  	2361.8	2.65
3045	4219.6  	2364.3	2.65
3050	4222.4  	2366.8	2.65
3055	4225.1  	2369.3	2.65
3060	4227.8  	2371.8	2.65
3065	4230.5  	2374.3	2.65
3070	4233.2  	2376.8	2.65
3075	4235.9  	2379.3	2.65
3080	4238.6  	2381.8	2.65
3085	4241.3  	2384.3	2.65
3090	4244        2386.8	2.65
3095	4246.7  	2389.3	2.65
3100	4249.4  	2391.8	2.65
3105	4252.1  	2394.4	2.65
3110	4254.8  	2396.9	2.65
3115	4257.5  	2399.4	2.65
3120	4260.2  	2401.9	2.65
3125	4262.9  	2404.4	2.65
3130	4265.6  	2406.9	2.65
3135	4268.3  	2409.4	2.65
3140	4271        2411.9	2.65
3145	4273.7  	2414.4	2.65
3150	4276.5  	2416.9	2.65
3155	4279.2  	2419.4	2.65
3160	4281.9  	2421.9	2.65
3165	4284.6  	2424.4	2.65
3170	4287.3  	2427	2.65
3175	4290        2429.5	2.65
3180	4292.7  	2432	2.65
3185	4295.4  	2434.5	2.65
3190	4298.1  	2437	2.65
3195	4300.8  	2439.5	2.65
3200	4303.5  	2442	2.65
3205	4306.2  	2444.5	2.65
3210	4308.9  	2447	2.65
3215	4311.6  	2449.5	2.65
3220	4314.3  	2452	2.65
3225	4317        2454.5	2.65
3230	4319.7  	2457	2.65
3235	4322.4  	2459.6	2.65
3240	4325.1  	2462.1	2.65
3245	4327.8  	2464.6	2.65
3250	4330.6  	2467.1	2.65
3255	4333.3  	2469.6	2.65
3260	4336        2472.1	2.65
3265	4338.7  	2474.6	2.65
3270	4341.4  	2477.1	2.65
3275	4344.1  	2479.6	2.65
3280	4346.8  	2482.1	2.65
3285	4349.5  	2484.6	2.65
3290	4352.2  	2487.1	2.65
3295	4354.9  	2489.6	2.65
3300	4357.6  	2492.1	2.65
3305	4360.3  	2494.7	2.65
3310	4363        2497.2	2.65
3315	4365.7  	2499.7	2.65
3320	4368.4  	2502.2	2.65
3325	4371.1  	2504.7	2.65
3330	4373.8  	2507.2	2.65
3335	4376.5  	2509.7	2.65
3340	4379.2  	2512.2	2.65
3345	4381.9  	2514.7	2.65
3350	4384.7  	2517.2	2.65
3355	4387.4  	2519.7	2.65
3360	4390.1  	2522.2	2.65
3365	4392.8  	2524.7	2.65
3370	4395.5  	2527.3	2.65
3375	4398.2  	2529.8	2.65
3380	4400.9  	2532.3	2.65
3385	4403.6  	2534.8	2.65
3390	4406.3  	2537.3	2.65
3395	4409        2539.8	2.65
3400	4411.7  	2542.3	2.65
3405	4414.4  	2544.8	2.65
3410	4417.1  	2547.3	2.65
3415	4419.8  	2549.8	2.65
3420	4422.5  	2552.3	2.65
3425	4425.2  	2554.8	2.65
3430	4427.9  	2557.3	2.65
3435	4430.6  	2559.9	2.65
3440	4433.3  	2562.4	2.65
3445	4436        2564.9	2.65
3450	4438.8    	2567.4	2.65
3455	4441.5  	2569.9	2.65
3460	4444.2  	2572.4	2.65
3465	4446.9  	2574.9	2.65
3470	4449.6  	2577.4	2.65
3475	4452.3  	2579.9	2.65
3480	4455        2582.4	2.65
3485	4457.7  	2584.9	2.65
3490	4460.4  	2587.4	2.65
3495	4463.1  	2589.9	2.65
3500	4465.8  	2592.4	2.65
3505	4468.5  	2595	2.65
3510	4471.2  	2597.5	2.65
3515	4473.9  	2600	2.65
3520	4476.6  	2602.5	2.65
3525	4479.3  	2605	2.65
3530	4482      2607.5	2.65
3535	4484.7  	2610	2.65
3540	4487.4  	2612.5	2.65
3545	4490.1  	2615	2.65
3550	4492.9  	2617.5	2.65
3555	4495.6  	2620	2.65
3560	4498.3  	2622.5	2.65
3565	4501      2625	2.65
3570	4503.7  	2627.6	2.65
3575	4506.4  	2630.1	2.65
3580	4509.1  	2632.6	2.65
3585	4511.8  	2635.1	2.65
3590	4514.5  	2637.6	2.65
3595	4517.2  	2640.1	2.65
3600	4519.9  	2642.6	2.65
3605	4522.6  	2645.1	2.65
3610	4525.3  	2647.6	2.65
3615	4528      2650.1	2.65
3620	4530.7  	2652.6	2.65
3625	4533.4  	2655.1	2.65
3630	4536.1  	2657.6	2.65
3635	4538.8  	2660.2	2.65
3640	4541.5  	2662.7	2.65
3645	4544.2  	2665.2	2.65
3650	4547      2667.7	2.65
3655	4549.7  	2670.2	2.65
3660	4552.4  	2672.7	2.65
3665	4555.1  	2675.2	2.65
3670	4557.8  	2677.7	2.65
3675	4560.5  	2680.2	2.65
3680	4563.2  	2682.7	2.65
3685	4565.9  	2685.2	2.65
3690	4568.6  	2687.7	2.65
3695	4571.3  	2690.2	2.65
3700	4574      2692.8	2.65
3705	4576.7  	2695.3	2.65
3710	4579.4  	2697.8	2.65
3715	4582.1  	2700.3	2.65
3720	4584.8  	2702.8	2.65
3725	4587.5  	2705.3	2.65
3730	4590.2  	2707.8	2.65
3735	4592.9  	2710.3	2.65
3740	4595.6  	2712.8	2.65
3745	4598.3  	2715.3	2.65
3750	4601.1  	2717.8	2.65
3755	4603.8  	2720.3	2.65
3760	4606.5  	2722.8	2.65
3765	4609.2  	2725.3	2.65
3770	4611.9  	2727.9	2.65
3775	4614.6  	2730.4	2.65
3780	4617.3  	2732.9	2.65
3785	4620      2735.4	2.65
3790	4622.7  	2737.9	2.65
3795	4625.4  	2740.4	2.65
3800	4628.1  	2742.9	2.65
3805	4630.8  	2745.4	2.65
3810	4633.5  	2747.9	2.65
3815	4636.2  	2750.4	2.65
3820	4638.9  	2752.9	2.65
3825	4641.6  	2755.4	2.65
3830	4644.3  	2757.9	2.65
3835	4647      2760.5	2.65
3840	4649.7  	2763	2.65
3845	4652.4  	2765.5	2.65
3850	4655.2  	2768	2.65
3855	4657.9  	2770.5	2.65
3860	4660.6  	2773	2.65
3865	4663.3  	2775.5	2.65
3870	4666      2778	2.65
3875	4668.7  	2780.5	2.65
3880	4671.4  	2783	2.65
3885	4674.1  	2785.5	2.65
3890	4676.8  	2788	2.65
3895	4679.5  	2790.5	2.65
3900	4682.2  	2793	2.65
3905	4684.9  	2795.6	2.65
3910	4687.6  	2798.1	2.65
3915	4690.3  	2800.6	2.65
3920	4693      2803.1	2.65
3925	4695.7  	2805.6	2.65
3930	4698.4  	2808.1	2.65
3935	4701.1  	2810.6	2.65
3940	4703.8  	2813.1	2.65
3945	4706.5  	2815.6	2.65
3950	4709.2  	2818.1	2.65
3955	4712      2820.6	2.65
3960	4714.7  	2823.1	2.65
3965	4717.4  	2825.6	2.65
3970	4720.1  	2828.2	2.65
3975	4722.8  	2830.7	2.65
3980	4725.5  	2833.2	2.65
3985	4728.2  	2835.7	2.65
3990	4730.9  	2838.2	2.65
3995	4733.6  	2840.7	2.65
4000	4736.3  	2843.2	2.65
