MODEL.01
Isotropic model
ISOTROPIC
KGS
FLAT EARTH
1-D
CONSTANT VELOCITY
LINE08
LINE09
LINE10
LINE11
      H(KM)   VP(KM/S)   VS(KM/S) RHO(GM/CC)     QP         QS       ETAP       ETAS      FREFP      FREFS    
     0.5000     2.3400     1.3500  1518.2000   500.       250.       0.00       0.00       1.00       1.00    
     0.5000     2.3400     1.3500  1518.2000   500.       250.       0.00       0.00       1.00       1.00    
     0.5000     2.4200     1.4000  1545.9000   500.       250.       0.00       0.00       1.00       1.00    
     0.5000     2.4200     1.4000  1545.9000   500.       250.       0.00       0.00       1.00       1.00    
     0.5000     4.5900     2.6500  2238.7000   500.       250.       0.00       0.00       1.00       1.00    
     0.5000     4.5900     2.6500  2238.7000   500.       250.       0.00       0.00       1.00       1.00    
     0.5000     5.3200     3.0600  2471.6001   500.       250.       0.00       0.00       1.00       1.00    
     0.5000     5.3200     3.0600  2471.6001   500.       250.       0.00       0.00       1.00       1.00    
     0.5000     5.3200     3.0600  2471.6001   500.       250.       0.00       0.00       1.00       1.00    
     0.5000     5.6800     3.2800  2587.8999   500.       250.       0.00       0.00       1.00       1.00    
     0.5000     5.6800     3.2800  2587.8999   500.       250.       0.00       0.00       1.00       1.00    
     0.5000     5.6800     3.2800  2587.8999   500.       250.       0.00       0.00       1.00       1.00    
     0.5000     5.6800     3.2800  2587.8999   500.       250.       0.00       0.00       1.00       1.00    
     0.5000     3.7900     2.1900  1983.4000   500.       250.       0.00       0.00       1.00       1.00    
     0.5000     3.7900     2.1900  1983.4000   500.       250.       0.00       0.00       1.00       1.00    
     0.5000     4.2800     2.4700  2139.0000   500.       250.       0.00       0.00       1.00       1.00    
     0.5000     4.2800     2.4700  2139.0000   500.       250.       0.00       0.00       1.00       1.00    
     0.5000     4.5700     2.6500  2279.0000   500.       250.       0.00       0.00       1.00       1.00    
     0.5000     4.5700     2.6500  2279.0000   500.       250.       0.00       0.00       1.00       1.00    
     0.5000     5.0700     2.9300  2394.0000   500.       250.       0.00       0.00       1.00       1.00    
     0.5000     5.0700     2.9300  2394.0000   500.       250.       0.00       0.00       1.00       1.00    
     0.5000     5.0700     2.9300  2394.0000   500.       250.       0.00       0.00       1.00       1.00    
     0.5000     5.4000     3.1200  2499.0000   500.       250.       0.00       0.00       1.00       1.00    
     0.5000     5.4000     3.1200  2499.0000   500.       250.       0.00       0.00       1.00       1.00    
     0.5000     5.4000     3.1200  2499.0000   500.       250.       0.00       0.00       1.00       1.00    
     0.5000     5.4000     3.1200  2499.0000   500.       250.       0.00       0.00       1.00       1.00    
     0.5000     5.4000     3.1200  2499.0000   500.       250.       0.00       0.00       1.00       1.00    
     0.5000     5.4000     3.1200  2499.0000   500.       250.       0.00       0.00       1.00       1.00    
     0.5000     5.4000     3.1200  2499.0000   500.       250.       0.00       0.00       1.00       1.00    
     0.5000     5.4000     3.1200  2499.0000   500.       250.       0.00       0.00       1.00       1.00    
     0.5000     5.4000     3.1200  2499.0000   500.       250.       0.00       0.00       1.00       1.00    
     0.5000     5.4000     3.1200  2499.0000   500.       250.       0.00       0.00       1.00       1.00    
     0.5000     5.4000     3.1200  2499.0000   500.       250.       0.00       0.00       1.00       1.00    
     0.5000     5.4000     3.1200  2499.0000   500.       250.       0.00       0.00       1.00       1.00    
     0.5000     5.8700     3.4000  2648.0000   500.       250.       0.00       0.00       1.00       1.00    
     0.5000     5.8700     3.4000  2648.0000   500.       250.       0.00       0.00       1.00       1.00    
     0.5000     5.8700     3.4000  2648.0000   500.       250.       0.00       0.00       1.00       1.00    
     0.5000     5.8700     3.4000  2648.0000   500.       250.       0.00       0.00       1.00       1.00    
     0.5000     5.8700     3.4000  2648.0000   500.       250.       0.00       0.00       1.00       1.00    
     0.5000     5.8700     3.4000  2648.0000   500.       250.       0.00       0.00       1.00       1.00    
     0.5000     5.8700     3.4000  2648.0000   500.       250.       0.00       0.00       1.00       1.00    
     0.5000     5.8700     3.4000  2648.0000   500.       250.       0.00       0.00       1.00       1.00    
     0.5000     5.8700     3.4000  2648.0000   500.       250.       0.00       0.00       1.00       1.00    
     0.5000     5.8700     3.4000  2648.0000   500.       250.       0.00       0.00       1.00       1.00    
     0.5000     5.8700     3.4000  2648.0000   500.       250.       0.00       0.00       1.00       1.00    
     0.5000     5.8700     3.4000  2648.0000   500.       250.       0.00       0.00       1.00       1.00    
     0.5000     5.8700     3.4000  2648.0000   500.       250.       0.00       0.00       1.00       1.00    
     0.5000     5.8700     3.4000  2648.0000   500.       250.       0.00       0.00       1.00       1.00    
     0.5000     5.8700     3.4000  2648.0000   500.       250.       0.00       0.00       1.00       1.00    
     0.5000     5.8700     3.4000  2648.0000   500.       250.       0.00       0.00       1.00       1.00    
     0.5000     5.8700     3.4000  2648.0000   500.       250.       0.00       0.00       1.00       1.00    
     0.5000     5.8700     3.4000  2648.0000   500.       250.       0.00       0.00       1.00       1.00    
     0.5000     5.8700     3.4000  2648.0000   500.       250.       0.00       0.00       1.00       1.00    
     0.5000     5.8700     3.4000  2648.0000   500.       250.       0.00       0.00       1.00       1.00    
     0.5000     5.8700     3.4000  2648.0000   500.       250.       0.00       0.00       1.00       1.00    
     0.5000     5.8700     3.4000  2648.0000   500.       250.       0.00       0.00       1.00       1.00    
     0.5000     5.8700     3.4000  2648.0000   500.       250.       0.00       0.00       1.00       1.00    
     0.5000     5.8700     3.4000  2648.0000   500.       250.       0.00       0.00       1.00       1.00    
     0.5000     5.8700     3.4000  2648.0000   500.       250.       0.00       0.00       1.00       1.00    
     0.5000     5.8700     3.4000  2648.0000   500.       250.       0.00       0.00       1.00       1.00    
     0.5000     5.8700     3.4000  2648.0000   500.       250.       0.00       0.00       1.00       1.00    
     0.5000     5.8700     3.4000  2648.0000   500.       250.       0.00       0.00       1.00       1.00    
     0.5000     5.8700     3.4000  2648.0000   500.       250.       0.00       0.00       1.00       1.00    
     0.5000     5.8700     3.4000  2648.0000   500.       250.       0.00       0.00       1.00       1.00    
     0.5000     5.8700     3.4000  2648.0000   500.       250.       0.00       0.00       1.00       1.00    
     0.5000     5.8700     3.4000  2648.0000   500.       250.       0.00       0.00       1.00       1.00    
     0.5000     5.8700     3.4000  2648.0000   500.       250.       0.00       0.00       1.00       1.00    
     0.5000     5.8700     3.4000  2648.0000   500.       250.       0.00       0.00       1.00       1.00    
     0.5000     5.8700     3.4000  2648.0000   500.       250.       0.00       0.00       1.00       1.00    
     0.5000     5.8700     3.4000  2648.0000   500.       250.       0.00       0.00       1.00       1.00    
     0.5000     5.8700     3.4000  2648.0000   500.       250.       0.00       0.00       1.00       1.00    
     0.5000     5.8700     3.4000  2648.0000   500.       250.       0.00       0.00       1.00       1.00    
     0.5000     5.8700     3.4000  2648.0000   500.       250.       0.00       0.00       1.00       1.00    
     0.5000     5.8700     3.4000  2648.0000   500.       250.       0.00       0.00       1.00       1.00    
     0.5000     5.8700     3.4000  2648.0000   500.       250.       0.00       0.00       1.00       1.00    
     0.5000     5.8700     3.4000  2648.0000   500.       250.       0.00       0.00       1.00       1.00    
     0.5000     5.8700     3.4000  2648.0000   500.       250.       0.00       0.00       1.00       1.00    
     0.5000     5.8700     3.4000  2648.0000   500.       250.       0.00       0.00       1.00       1.00    
     0.5000     5.8700     3.4000  2648.0000   500.       250.       0.00       0.00       1.00       1.00    
     0.5000     5.8700     3.4000  2648.0000   500.       250.       0.00       0.00       1.00       1.00    
     0.5000     5.8700     3.4000  2648.0000   500.       250.       0.00       0.00       1.00       1.00    
     0.5000     5.8700     3.4000  2648.0000   500.       250.       0.00       0.00       1.00       1.00    
     0.5000     5.8700     3.4000  2648.0000   500.       250.       0.00       0.00       1.00       1.00    
     0.5000     6.9400     4.0100  2990.8000   500.       250.       0.00       0.00       1.00       1.00    
     0.5000     6.9400     4.0100  2990.8000   500.       250.       0.00       0.00       1.00       1.00    
     0.5000     6.9400     4.0100  2990.8000   500.       250.       0.00       0.00       1.00       1.00    
     0.5000     6.9400     4.0100  2990.8000   500.       250.       0.00       0.00       1.00       1.00    
     0.5000     6.9400     4.0100  2990.8000   500.       250.       0.00       0.00       1.00       1.00    
     0.5000     6.9400     4.0100  2990.8000   500.       250.       0.00       0.00       1.00       1.00    
     0.5000     6.9400     4.0100  2990.8000   500.       250.       0.00       0.00       1.00       1.00    
     0.5000     6.9400     4.0100  2990.8000   500.       250.       0.00       0.00       1.00       1.00    
     0.5000     6.9400     4.0100  2990.8000   500.       250.       0.00       0.00       1.00       1.00    
     0.5000     6.9400     4.0100  2990.8000   500.       250.       0.00       0.00       1.00       1.00    
     0.5000     6.9400     4.0100  2990.8000   500.       250.       0.00       0.00       1.00       1.00    
     0.5000     6.9400     4.0100  2990.8000   500.       250.       0.00       0.00       1.00       1.00    
     0.5000     6.9400     4.0100  2990.8000   500.       250.       0.00       0.00       1.00       1.00    
     0.5000     6.9400     4.0100  2990.8000   500.       250.       0.00       0.00       1.00       1.00    
     0.5000     6.9400     4.0100  2990.8000   500.       250.       0.00       0.00       1.00       1.00    
     0.5000     6.9400     4.0100  2990.8000   500.       250.       0.00       0.00       1.00       1.00    
     0.5000     6.9400     4.0100  2990.8000   500.       250.       0.00       0.00       1.00       1.00    
     0.5000     6.9400     4.0100  2990.8000   500.       250.       0.00       0.00       1.00       1.00    
     0.5000     6.9400     4.0100  2990.8000   500.       250.       0.00       0.00       1.00       1.00    
     0.5000     6.9400     4.0100  2990.8000   500.       250.       0.00       0.00       1.00       1.00    
     0.5000     6.9400     4.0100  2990.8000   500.       250.       0.00       0.00       1.00       1.00    
     0.5000     6.9400     4.0100  2990.8000   500.       250.       0.00       0.00       1.00       1.00    
     0.5000     6.9400     4.0100  2990.8000   500.       250.       0.00       0.00       1.00       1.00    
     0.5000     6.9400     4.0100  2990.8000   500.       250.       0.00       0.00       1.00       1.00    
     0.5000     6.9400     4.0100  2990.8000   500.       250.       0.00       0.00       1.00       1.00    
     0.5000     6.9400     4.0100  2990.8000   500.       250.       0.00       0.00       1.00       1.00    
     0.5000     6.9400     4.0100  2990.8000   500.       250.       0.00       0.00       1.00       1.00    
     0.5000     6.9400     4.0100  2990.8000   500.       250.       0.00       0.00       1.00       1.00    
     0.5000     6.9400     4.0100  2990.8000   500.       250.       0.00       0.00       1.00       1.00    
     0.5000     6.9400     4.0100  2990.8000   500.       250.       0.00       0.00       1.00       1.00    
     0.5000     6.9400     4.0100  2990.8000   500.       250.       0.00       0.00       1.00       1.00    
     0.5000     6.9400     4.0100  2990.8000   500.       250.       0.00       0.00       1.00       1.00    
     0.5000     6.9400     4.0100  2990.8000   500.       250.       0.00       0.00       1.00       1.00    
     0.5000     6.9400     4.0100  2990.8000   500.       250.       0.00       0.00       1.00       1.00    
     0.5000     6.9400     4.0100  2990.8000   500.       250.       0.00       0.00       1.00       1.00    
     0.5000     6.9400     4.0100  2990.8000   500.       250.       0.00       0.00       1.00       1.00    
     0.5000     6.9400     4.0100  2990.8000   500.       250.       0.00       0.00       1.00       1.00    
     0.5000     6.9400     4.0100  2990.8000   500.       250.       0.00       0.00       1.00       1.00    
     0.5000     6.9400     4.0100  2990.8000   500.       250.       0.00       0.00       1.00       1.00    
     0.5000     6.9400     4.0100  2990.8000   500.       250.       0.00       0.00       1.00       1.00    
     0.5000     6.9400     4.0100  2990.8000   500.       250.       0.00       0.00       1.00       1.00    
     0.5000     6.9400     4.0100  2990.8000   500.       250.       0.00       0.00       1.00       1.00    
     0.5000     6.9400     4.0100  2990.8000   500.       250.       0.00       0.00       1.00       1.00    
     0.5000     6.9400     4.0100  2990.8000   500.       250.       0.00       0.00       1.00       1.00    
     0.5000     6.9400     4.0100  2990.8000   500.       250.       0.00       0.00       1.00       1.00    
     0.5000     6.9400     4.0100  2990.8000   500.       250.       0.00       0.00       1.00       1.00    
     0.5000     6.9400     4.0100  2990.8000   500.       250.       0.00       0.00       1.00       1.00    
     0.5000     6.9400     4.0100  2990.8000   500.       250.       0.00       0.00       1.00       1.00    
     0.5000     6.9400     4.0100  2990.8000   500.       250.       0.00       0.00       1.00       1.00    
     0.5000     6.9400     4.0100  2990.8000   500.       250.       0.00       0.00       1.00       1.00    
     0.5000     6.9400     4.0100  2990.8000   500.       250.       0.00       0.00       1.00       1.00    
     0.5000     6.9400     4.0100  2990.8000   500.       250.       0.00       0.00       1.00       1.00    
     0.5000     6.9400     4.0100  2990.8000   500.       250.       0.00       0.00       1.00       1.00    
     0.5000     6.9400     4.0100  2990.8000   500.       250.       0.00       0.00       1.00       1.00    
     0.5000     6.9400     4.0100  2990.8000   500.       250.       0.00       0.00       1.00       1.00    
     0.5000     6.9400     4.0100  2990.8000   500.       250.       0.00       0.00       1.00       1.00    
     0.5000     6.9400     4.0100  2990.8000   500.       250.       0.00       0.00       1.00       1.00    
     0.5000     6.9400     4.0100  2990.8000   500.       250.       0.00       0.00       1.00       1.00    
     0.5000     6.9400     4.0100  2990.8000   500.       250.       0.00       0.00       1.00       1.00    
     0.5000     6.9400     4.0100  2990.8000   500.       250.       0.00       0.00       1.00       1.00    
